49 0.1545777777777778 0.33244444444444443 0.22617777777777778 0.5439111111111111
49 0.35862222222222223 0.1383111111111111 0.14266666666666666 0.22026666666666667
49 0.5557777777777778 0.25653333333333334 0.1483111111111111 0.4567111111111111
49 0.39919999999999994 0.3718666666666667 0.3132 0.4239555555555556
49 0.5109333333333334 0.4295555555555556 0.05884444444444444 0.11297777777777779
49 0.6075111111111111 0.47955555555555557 0.03515555555555556 0.05488888888888889
49 0.7513777777777778 0.23906666666666665 0.19422222222222224 0.3420888888888889
49 0.7222666666666666 0.37693333333333334 0.058800000000000005 0.055511111111111115
49 0.8609777777777777 0.2650666666666667 0.21493333333333334 0.27653333333333335
49 0.7797777777777777 0.4688444444444444 0.10026666666666666 0.040799999999999996
49 0.6982666666666667 0.5306222222222222 0.17617777777777777 0.18644444444444447
49 0.8879555555555555 0.5427555555555555 0.15493333333333334 0.38715555555555553
49 0.21813333333333332 0.6249777777777777 0.16799999999999998 0.2685777777777778
49 0.15159999999999998 0.8266222222222223 0.2076 0.3042222222222222
49 0.41582222222222226 0.8139555555555555 0.16635555555555556 0.3156888888888889
49 0.37564444444444445 0.5723111111111111 0.038177777777777776 0.06035555555555556
49 0.49804444444444446 0.6078222222222222 0.09555555555555556 0.04306666666666666
49 0.5492888888888889 0.6247555555555555 0.06933333333333333 0.043911111111111116
49 0.5550222222222222 0.8217777777777778 0.10288888888888888 0.32395555555555555
49 0.6436444444444445 0.6994666666666667 0.052222222222222225 0.13084444444444446
49 0.7588888888888888 0.8603555555555557 0.2570222222222222 0.1835111111111111
49 0.8105777777777777 0.7625777777777778 0.31626666666666664 0.29013333333333335
49 0.3897777777777778 0.6579555555555555 0.09573333333333332 0.07044444444444445