16 0.04563636363636364 0.5399999999999999 0.09130909090909091 0.8007103825136612
16 0.15574545454545455 0.47027322404371585 0.11352727272727273 0.9284153005464482
16 0.21738181818181818 0.5573224043715846 0.0630181818181818 0.7807103825136612
16 0.27781818181818185 0.5568306010928962 0.06676363636363636 0.7675956284153005
16 0.34858181818181816 0.549672131147541 0.07494545454545454 0.7714754098360657
16 0.43374545454545455 0.572896174863388 0.059418181818181814 0.739016393442623
16 0.5278909090909091 0.5426775956284153 0.09821818181818183 0.8303278688524589
16 0.6171636363636364 0.540655737704918 0.06258181818181818 0.8140983606557376
16 0.6776363636363636 0.5226229508196721 0.058290909090909095 0.8266120218579236
16 0.7427636363636363 0.5593442622950819 0.03905454545454545 0.7362295081967213
16 0.8006545454545455 0.5831147540983607 0.06596363636363636 0.7047540983606557
16 0.8926545454545454 0.5365027322404372 0.09036363636363637 0.8240437158469947
17 0.48287272727272723 0.5060655737704918 0.9576727272727273 0.9878688524590163