49 0.3672888888888889 0.3227555555555556 0.3048 0.3807111111111111
49 0.16813333333333333 0.35466666666666663 0.04466666666666667 0.06773333333333334
49 0.2713777777777778 0.36413333333333336 0.1959111111111111 0.08053333333333333
49 0.5008 0.14693333333333333 0.03173333333333333 0.10417777777777779
49 0.6317777777777778 0.26364444444444446 0.06644444444444444 0.06991111111111112
49 0.5386222222222222 0.41240000000000004 0.024355555555555557 0.1464
49 0.5959111111111112 0.3871111111111111 0.049822222222222226 0.12342222222222222
49 0.5917333333333332 0.4849777777777778 0.0815111111111111 0.06755555555555555
49 0.6010666666666667 0.4824888888888889 0.0632888888888889 0.0564
49 0.6789777777777778 0.5540888888888889 0.16084444444444443 0.10137777777777777
49 0.7177777777777777 0.4901777777777778 0.0696 0.025733333333333334
49 0.8413333333333334 0.4440444444444444 0.05342222222222222 0.031022222222222225
49 0.3229333333333333 0.5665777777777778 0.2131111111111111 0.10173333333333334
49 0.40324444444444446 0.4882666666666667 0.10662222222222222 0.05262222222222222
49 0.4574666666666667 0.6929333333333333 0.15368888888888887 0.21631111111111112
49 0.49551111111111107 0.6610666666666667 0.09466666666666668 0.12195555555555557
49 0.5635111111111112 0.713111111111111 0.03422222222222222 0.21986666666666665
49 0.5978666666666667 0.7328444444444444 0.016977777777777776 0.05977777777777778
49 0.6447111111111111 0.7067555555555556 0.16902222222222224 0.25626666666666664
49 0.2489777777777778 0.42133333333333334 0.06715555555555555 0.03351111111111111
49 0.3930222222222223 0.43711111111111106 0.08471111111111111 0.0376
49 0.7322666666666666 0.14764444444444444 0.019422222222222223 0.029155555555555553
49 0.7489333333333333 0.17200000000000001 0.0184 0.02631111111111111
49 0.7572888888888888 0.7640888888888888 0.016666666666666666 0.028666666666666667
49 0.8038222222222223 0.6922222222222222 0.015066666666666667 0.01746666666666667
49 0.9232888888888889 0.5787111111111112 0.025599999999999998 0.022933333333333333