49 0.10407272727272728 0.2880327868852459 0.08592727272727273 0.20081967213114754
49 0.1582909090909091 0.27147540983606555 0.04410909090909091 0.09540983606557378
49 0.2261090909090909 0.21010928961748634 0.09396363636363636 0.1521857923497268
49 0.3322181818181818 0.2827868852459016 0.030872727272727274 0.20295081967213116
49 0.38123636363636365 0.15699453551912568 0.06814545454545454 0.1159016393442623
49 0.41083636363636367 0.3260109289617486 0.08432727272727274 0.07371584699453552
49 0.5048 0.22404371584699453 0.13236363636363635 0.15289617486338797
49 0.5539272727272728 0.13377049180327868 0.14981818181818182 0.06530054644808743
49 0.7738181818181818 0.14617486338797814 0.14825454545454547 0.11032786885245903
49 0.6616 0.25071038251366123 0.13374545454545456 0.10513661202185791
49 0.6044363636363637 0.3131693989071038 0.11094545454545456 0.21792349726775959
49 0.5135272727272727 0.3714207650273224 0.15607272727272728 0.16459016393442624
49 0.22054545454545454 0.3551366120218579 0.12356363636363635 0.09158469945355192
49 0.3217090909090909 0.4107650273224044 0.07556363636363637 0.12994535519125683
49 0.20803636363636363 0.42382513661202187 0.10123636363636364 0.08743169398907104
49 0.1069090909090909 0.4320765027322404 0.09810909090909091 0.06748633879781421
49 0.08865454545454544 0.5349726775956285 0.050800000000000005 0.09535519125683059
49 0.20174545454545453 0.5727868852459016 0.08054545454545455 0.13868852459016393
49 0.18018181818181817 0.6352459016393442 0.07781818181818181 0.04114754098360656
49 0.30865454545454546 0.6302185792349727 0.08985454545454545 0.1807103825136612
49 0.39258181818181814 0.44459016393442624 0.07741818181818182 0.1330054644808743
49 0.4038181818181818 0.5552459016393443 0.08374545454545455 0.11163934426229508
49 0.4690545454545455 0.5831693989071038 0.13883636363636365 0.18770491803278688
49 0.3992727272727273 0.6765573770491803 0.07192727272727273 0.09950819672131148
49 0.3833818181818182 0.7851366120218579 0.06709090909090909 0.15081967213114755
49 0.18032727272727275 0.8556284153005466 0.12385454545454547 0.13409836065573771
49 0.1329090909090909 0.7248087431693988 0.09094545454545455 0.1312568306010929
49 0.5164 0.836775956284153 0.18243636363636365 0.14497267759562843
49 0.5222545454545454 0.6897814207650274 0.14029090909090908 0.11792349726775955
49 0.5648363636363637 0.5548087431693989 0.1232 0.21185792349726779
49 0.6674545454545455 0.5708196721311475 0.1401090909090909 0.3974863387978142
49 0.7017454545454546 0.6242076502732241 0.16021818181818182 0.2576502732240437
49 0.8064363636363637 0.6714207650273224 0.07898181818181818 0.12562841530054644
49 0.8446545454545454 0.5372131147540984 0.07734545454545455 0.15650273224043715
49 0.7932727272727272 0.3191256830601093 0.11723636363636364 0.1610928961748634
49 0.9026545454545454 0.3092896174863388 0.058800000000000005 0.14540983606557376
49 0.9035636363636363 0.6245355191256831 0.07949090909090908 0.10459016393442623
49 0.9137090909090909 0.7228415300546448 0.07283636363636364 0.11120218579234974
49 0.6919636363636363 0.8342076502732241 0.11647272727272728 0.09535519125683059
49 0.3037090909090909 0.75551912568306 0.06927272727272728 0.10338797814207651
49 0.2898909090909091 0.8537158469945355 0.06181818181818182 0.08245901639344262