49 0.4030072463768116 0.26579234972677596 0.0619927536231884 0.09852459016393443
49 0.44641304347826083 0.3044808743169399 0.026594202898550724 0.05136612021857924
49 0.3814130434782609 0.4056830601092896 0.06641304347826087 0.16950819672131148
49 0.5134782608695652 0.200655737704918 0.10061594202898551 0.12579234972677594
49 0.467572463768116 0.4250819672131148 0.07536231884057971 0.11103825136612022
49 0.5281521739130435 0.36655737704918034 0.04847826086956522 0.10459016393442623
49 0.5816304347826087 0.3344808743169399 0.06923913043478261 0.08546448087431695
49 0.621195652173913 0.2498360655737705 0.06235507246376812 0.06153005464480874
49 0.7031521739130434 0.26868852459016396 0.052210144927536235 0.06737704918032787
49 0.6228623188405797 0.398087431693989 0.11514492753623189 0.16081967213114753
49 0.6903260869565218 0.49535519125683064 0.11652173913043477 0.26136612021857925
49 0.44568840579710145 0.5581967213114755 0.04025362318840579 0.11792349726775955
49 0.48184782608695653 0.5507103825136612 0.03728260869565217 0.07704918032786885
49 0.5702536231884058 0.5492896174863388 0.07224637681159421 0.08065573770491803
49 0.5042028985507246 0.708688524590164 0.12927536231884057 0.11098360655737705
49 0.6103985507246377 0.6406010928961748 0.10528985507246376 0.11743169398907102
49 0.6276811594202899 0.7200546448087433 0.10543478260869565 0.07530054644808742
49 0.30144927536231886 0.6617486338797814 0.2375 0.35076502732240433