31 0.7078210116731517 0.4023469387755102 0.17050583657587548 0.5189795918367347
31 0.9484435797665369 0.44647959183673475 0.10311284046692606 0.6990816326530612
114 0.8473151750972763 0.4412244897959184 0.09926070038910506 0.5865816326530612
1 0.6680544747081711 0.460765306122449 0.1921400778210117 0.3246428571428572
65 0.5499999999999999 0.08596938775510204 0.25560311284046694 0.1719387755102041
78 0.2650194552529183 0.37418367346938775 0.12926070038910506 0.2636734693877551
78 0.40443579766536963 0.38 0.10844357976653697 0.2344387755102041
61 0.12455252918287937 0.595561224489796 0.05840466926070039 0.15025510204081632
1 0.07840466926070039 0.6430102040816327 0.0367704280155642 0.08198979591836734
103 0.10630350194552529 0.7670918367346938 0.16424124513618676 0.17489795918367348
11 0.4947859922178988 0.7346938775510204 0.6610116731517509 0.394234693877551
84 0.29 0.6309183673469387 0.19778210116731518 0.07397959183673469
13 0.4748249027237354 0.7592857142857142 0.4338910505836576 0.30326530612244895