24 0.5894941634241245 0.8826530612244898 0.8210116731517509 0.23469387755102042
78 0.3567704280155642 0.26260204081632654 0.2621789883268482 0.37729591836734694
65 0.0936964980544747 0.25892857142857145 0.05898832684824903 0.13520408163265307
65 0.589533073929961 0.31 0.03898832684824902 0.12510204081632653
61 0.1246692607003891 0.5644897959183673 0.08101167315175098 0.1726530612244898
61 0.6173151750972763 0.5446428571428571 0.06735408560311283 0.1198469387755102
103 0.11377431906614785 0.7245408163265306 0.14583657587548637 0.17362244897959184
35 0.8443968871595331 0.4923469387755102 0.1790272373540856 0.44387755102040816
72 0.8201945525291828 0.3910714285714286 0.09171206225680933 0.2464795918367347
44 0.9014007782101168 0.4586224489795918 0.07132295719844357 0.04994897959183673
108 0.9036575875486381 0.5139285714285714 0.021361867704280158 0.04826530612244898
11 0.5043190661478599 0.6835204081632653 0.6270038910505836 0.37464285714285717
84 0.3245136186770428 0.5868877551020408 0.19766536964980544 0.056377551020408166
84 0.4946692607003891 0.5834183673469387 0.1488715953307393 0.06994897959183674
13 0.513579766536965 0.7397448979591837 0.34622568093385214 0.26010204081632654
31 0.9433463035019455 0.37979591836734694 0.11237354085603113 0.6780102040816326