78 0.34079019073569483 0.2364963503649635 0.1638692098092643 0.3203649635036496
28 0.5993460490463215 0.24576642335766424 0.14100817438692098 0.37875912408759127
61 0.8819891008174386 0.17562043795620438 0.07212534059945504 0.35116788321167886
16 0.8647138964577658 0.5301459854014599 0.0623433242506812 0.2175912408759124
1 0.9200817438692098 0.5856934306569342 0.03438692098092643 0.12299270072992702
108 0.9201362397820163 0.6002919708029196 0.029536784741144413 0.07912408759124087
1 0.9575204359673025 0.5324087591240876 0.04730245231607629 0.2154014598540146
108 0.9590190735694822 0.558905109489051 0.032997275204359675 0.14905109489051097
103 0.9062397820163487 0.8157664233576642 0.18752043596730245 0.36416058394160583
97 0.46040871934604904 0.7933576642335767 0.6012806539509536 0.4122627737226277
84 0.25713896457765667 0.6897810218978102 0.06594005449591281 0.2448175182481752
84 0.6696730245231608 0.6816788321167884 0.06365122615803814 0.2486131386861314
1 0.6035967302452316 0.7785401459854014 0.02811989100817439 0.18350364963503651
108 0.6007901907356948 0.85 0.07948228882833788 0.1008029197080292
103 0.5831607629427793 0.9348905109489052 0.19779291553133516 0.1245985401459854
1 0.06501362397820164 0.7556934306569343 0.12013623978201636 0.47620437956204376